[gd_scene load_steps=2 format=2]

[sub_resource type="CubeMesh" id=1]
size = Vector3( 2, 0.5, 0.5 )

[node name="upgrade" type="Spatial"]

[node name="MeshInstance" type="MeshInstance" parent="."]
transform = Transform( 0.992633, -0.112616, -0.0446981, 0.112616, 0.721443, 0.683255, -0.0446981, -0.683255, 0.72881, 0, 1.82885, 0 )
mesh = SubResource( 1 )
material/0 = null

[node name="MeshInstance2" type="MeshInstance" parent="."]
transform = Transform( 0.044698, -0.112616, 0.992633, -0.683255, 0.721443, 0.112616, -0.72881, -0.683255, -0.0446981, 0, 1.82885, 0 )
mesh = SubResource( 1 )
material/0 = null

[node name="MeshInstance3" type="MeshInstance" parent="."]
transform = Transform( -0.112616, -0.992633, -0.0446981, 0.721443, -0.112616, 0.683255, -0.683255, 0.0446981, 0.72881, 0, 1.82885, 0 )
mesh = SubResource( 1 )
material/0 = null

