[gd_scene load_steps=6 format=2]

[ext_resource path="res://Breakable.gd" type="Script" id=1]
[ext_resource path="res://broken_breakable.tscn" type="PackedScene" id=2]

[sub_resource type="CubeMesh" id=1]
size = Vector3( 10, 0.5, 3 )

[sub_resource type="CubeMesh" id=2]
size = Vector3( 0.5, 1, 6 )

[sub_resource type="BoxShape" id=3]
extents = Vector3( 5.03607, 2.77554, 4.62544 )

[node name="Breakable_Tablesquare" type="Spatial"]
transform = Transform( 1, 0, 0, 0, 1, 0, 0, 0, 1, -0.00494385, 0, 0.0243406 )

[node name="Breakable" type="StaticBody" parent="."]
script = ExtResource( 1 )
destroyed_breakable = ExtResource( 2 )

[node name="MeshInstance2" type="MeshInstance" parent="Breakable"]
transform = Transform( 1, 0, 0, 0, 1, 0, 0, 0, 1, 0, 5.06023, 2.56425 )
mesh = SubResource( 1 )
material/0 = null

[node name="MeshInstance9" type="MeshInstance" parent="Breakable"]
transform = Transform( 1, 0, 0, 0, 1, 0, 0, 0, 1, 0, 5.06023, -0.53125 )
mesh = SubResource( 1 )
material/0 = null

[node name="MeshInstance10" type="MeshInstance" parent="Breakable"]
transform = Transform( 1, 0, 0, 0, 1, 0, 0, 0, 1, 0, 5.06023, -3.61973 )
mesh = SubResource( 1 )
material/0 = null

[node name="MeshInstance7" type="MeshInstance" parent="Breakable"]
transform = Transform( -0.0275508, 0.999611, 0.00429721, -0.99962, -0.0275506, -0.000118437, 0, -0.00429884, 0.999991, 2.67643, 4.56866, -0.45677 )
mesh = SubResource( 2 )
material/0 = null

[node name="MeshInstance18" type="MeshInstance" parent="Breakable"]
transform = Transform( -0.99982, 0.00309389, -0.0187423, 0.018757, 0.00481505, -0.999813, -0.00300307, -0.999984, -0.00487221, -3.17541, 1.49851, -0.12237 )
mesh = SubResource( 2 )
material/0 = null

[node name="MeshInstance20" type="MeshInstance" parent="Breakable"]
transform = Transform( -0.99982, 0.00309389, -0.0187423, 0.018757, 0.00481505, -0.999813, -0.00300307, -0.999984, -0.00487221, 2.64727, 1.48602, -0.12237 )
mesh = SubResource( 2 )
material/0 = null

[node name="MeshInstance21" type="MeshInstance" parent="Breakable"]
transform = Transform( 0.00667861, -0.00489218, 0.999966, -0.999973, 0.00297043, 0.00669319, -0.00300307, -0.999984, -0.00487221, -0.21617, -0.70139, -0.00839993 )
mesh = SubResource( 2 )
material/0 = null

[node name="MeshInstance24" type="MeshInstance" parent="Breakable"]
transform = Transform( 0.00667861, -0.00489218, 0.999966, -0.999973, 0.00297043, 0.00669319, -0.00300307, -0.999984, -0.00487221, -0.21617, 4.63377, -0.00839993 )
mesh = SubResource( 2 )
material/0 = null

[node name="MeshInstance22" type="MeshInstance" parent="Breakable"]
transform = Transform( -0.00290594, -0.99995, 0.00962418, -0.999973, 0.00297043, 0.00669319, -0.00672144, -0.00960447, -0.999931, 2.58008, -1.21823, -0.00839993 )
mesh = SubResource( 2 )
material/0 = null

[node name="MeshInstance23" type="MeshInstance" parent="Breakable"]
transform = Transform( -0.00290594, -0.99995, 0.00962418, -0.999973, 0.00297043, 0.00669319, -0.00672144, -0.00960447, -0.999931, -3.25696, -1.21823, -0.00839993 )
mesh = SubResource( 2 )
material/0 = null

[node name="MeshInstance8" type="MeshInstance" parent="Breakable"]
transform = Transform( -0.0275508, 0.999611, 0.00429721, -0.99962, -0.0275506, -0.000118437, 0, -0.00429884, 0.999991, -3.07986, 4.56866, -0.45677 )
mesh = SubResource( 2 )
material/0 = null

[node name="Collision_Shape" type="CollisionShape" parent="Breakable"]
transform = Transform( 1, 0, 0, 0, 1, 0, 0, 0, 1, 0, 2.56521, -0.50634 )
shape = SubResource( 3 )

[node name="Broken_Breakable_Holder" type="Spatial" parent="."]

[node name="Loot_Holder" type="Spatial" parent="."]

[node name="Loot_Holder2" type="Spatial" parent="."]

[node name="Loot_Holder3" type="Spatial" parent="."]

[node name="Loot_Holder4" type="Spatial" parent="."]

[node name="Loot_Holder5" type="Spatial" parent="."]

[node name="Loot_Holder6" type="Spatial" parent="."]

[node name="Loot_Holder7" type="Spatial" parent="."]

[node name="Loot_Holder8" type="Spatial" parent="."]

